#NSGA2
popsize 50
maxGen 4
numVar 2
numObj 2
numCons 2
stateFieldNames	currentGen	evaluateCount	totalTime	firstFrontCount	frontCount	avgEvalTime	
#end


#Generation 1 / 4
currentGen	1
evaluateCount	50
totalTime	0.0847658
firstFrontCount	6
frontCount	28
avgEvalTime	9.06107e-05
#end
Var1	Var2	Obj1	Obj2	Cons1	Cons2	
0.89275	0.699105	0.89275	1.90323	0	0	
0.829768	1.2643	0.829768	2.72883	0	0	
0.121947	2.65362	0.121947	29.9607	0	0	
0.941369	3.84664	0.941369	5.1485	0	0	
0.464277	3.58905	0.464277	9.8843	0	0	
0.53319	2.20588	0.53319	6.01263	0	0	
0.948125	2.89389	0.948125	4.10694	0	0	
0.805249	3.57404	0.805249	5.68028	0	0	
0.22795	3.46459	0.22795	19.5859	0	0	
0.454284	0.638839	0.454284	3.60752	0	0	
0.676814	2.48754	0.676814	5.15288	0	0	
0.157575	2.61769	0.157575	22.9585	0	0	
0.383086	4.27446	0.383086	13.7683	0	0	
0.108114	1.01293	0.108114	18.6186	0	0	
0.892544	1.09025	0.892544	2.3419	0	0	
0.385921	1.71982	0.385921	7.04761	0	0	
0.82007	2.85542	0.82007	4.70134	0	0	
0.831915	0.430898	0.831915	1.72001	0	0	
0.272924	3.14751	0.272924	15.1966	0	0	
0.157477	3.71481	0.157477	29.9397	0	0	
0.643058	3.99222	0.643058	7.76326	0	0	
0.244535	3.68965	0.244535	19.1778	0	0	
0.781336	4.40656	0.781336	6.91963	0	0	
0.486318	0.937414	0.486318	3.98384	0	0	
0.372728	1.60379	0.372728	6.98574	0	0	
0.497806	1.80942	0.497806	5.64361	0	0	
0.66304	4.69413	0.66304	8.58792	0	0	
0.358214	1.223	0.358214	6.20579	0	0	
0.928769	4.63108	0.928769	6.06296	0	0	
0.378947	0.382377	0.378947	3.64794	0	0	
0.80279	0.653726	0.80279	2.05997	0	0	
0.515334	2.20085	0.515334	6.21121	0	0	
0.644502	0.635103	0.644502	2.537	0	0	
0.63914	0.660628	0.63914	2.59822	0	0	
0.203803	2.20537	0.203803	15.7278	0	0	
0.343989	4.72053	0.343989	16.63	0	0	
0.564979	2.22646	0.564979	5.71076	0	0	
0.377729	2.34799	0.377729	8.86346	0	0	
0.801499	0.844064	0.801499	2.30077	0	0	
0.120206	3.54365	0.120206	37.7989	0	0	
0.644635	2.0684	0.644635	4.75991	0	0	
0.923293	2.3859	0.923293	3.6672	0	0	
0.9246	2.48453	0.9246	3.7687	0	0	
0.934798	3.51825	0.934798	4.8334	0	0	
0.725178	0.022968	0.725178	1.41064	0	0	
0.586197	2.06485	0.586197	5.22836	0	0	
0.665317	2.71768	0.665317	5.58783	0	0	
0.294398	2.76052	0.294398	12.7736	0	0	
0.876474	0.0246966	0.876474	1.16911	0	0	
0.212576	3.87535	0.212576	22.9347	0	0	



#Generation 2 / 4
currentGen	2
evaluateCount	100
totalTime	34.4407
firstFrontCount	9
frontCount	5
avgEvalTime	8.61981e-05
#end
Var1	Var2	Obj1	Obj2	Cons1	Cons2	
